N=5
ref=0,1.2622732963075445e+02,2.7067437177865359e+03
