title=Attenuation
N=5
xlim=[1,1e5]
s1ylim=[110,135]
e1ylim=[1e-7,1]
s2ylim=[0,6000]
e2ylim=[1e-7,1]
ref=12481,1.2622732963075445e+02,2.7067437177865359e+03
