N=5
ref=0,1.2622757241510007e+02,2.7069458655131948e+03
