N=8
#ref=0,1.2622757241510007e+02,2.7069458655131948e+03
ref=0,1.2622732963075445e+02,2.7067437177865359e+03
