N=5
ref=0,1.2616124358933064e+02,2.7081906112210509e+03
