N=30
#ref=0,1.0013454776966544e+00,1.8647280718520065e-04
ref=0,0.031264068509960114827794797066,1
