N=15
#ref=0,1.0013454776966544e+00,1.8647280718520065e-04
ref=0,0.032366875417929083513790544657,1
