N=5
#ref=0,1.0013454776966544e+00,1.8647280718520065e-04
ref=0,0.0371283025984374660419053137521696479582700933846061,6.6557788654937025e-04
