title=Attenuation
N=5
xlim=[1,1e5]
s1ylim=[0.03,0.04]
e1ylim=[1e-14,10]
s2ylim=[0.0,0.001]
e2ylim=[1e-14,10]
ref=0,0.0371283025984374660419053137521696479582700933846061,6.6557788654937025e-04
