N=10
#ref=0,1.0013454776966544e+00,1.8647280718520065e-04
ref=0,0.033505372158337383414750121347,1
