title=Diffusion
N=5
xlim=[1,1e5]
s1ylim=[0.999,1.01]
e1ylim=[1e-10,10]
s2ylim=[0.0,0.0003]
e2ylim=[1e-10,10]
#TD
#ref=0,1.0026224490472844,0.00016986022334486428
#HCanis
ref=21549,1.0026224442312952e+00,1.6986055315237891e-04
