N=5
#ref=0,1.0013454776966544e+00,1.8647280718520065e-04
ref=0,1.0026224490472844,0.00016986022334486428
