N=14
ref=0,1.0052944979807787,4.65579806e-04
#ref=30745,1.0052764825212464e+00,4.6067853040643314e-04
