N=14
ref=0,1.0052944979807787,1.011082607476474
