title=Diffusion
N=14
xlim=[1,1e5]
s1ylim=[0.999,1.01]
e1ylim=[1e-10,10]
s2ylim=[0.0,0.0005]
e2ylim=[1e-10,10]
#TD I think
#ref=30745,1.0052764825212464e+00,4.6067853040643314e-04
#TD aniso
ref=46155,1.0052123235687738e+00,4.6379176732935790e-04
